4542
1633
3233
450
4507
1798
3784
2703
2913
2368
4621
2372
4144
2265
796
1750
397
3574
3147
4129
1666
4410
4820
2297
2082
3677
949
2331
1226
2117
3681
1143
1476
2187
1515
2947
3046
3563
1289
1846
1589
311
2378
2950
3358
3842
1200
4343
4568
1226
3616
688
1268
873
4094
4761
4499
4676
2130
4177
1052
3913
3190
12
1146
4307
4566
3813
1156
3845
3763
1493
1872
291
567
2921
16
2585
539
3052
516
4468
4891
3102
4518
1665
4045
3278
3355
3029
1738
423
2685
4299
597
429
4902
4424
3200
280
2208
485
4062
402
141
399
1884
3693
1307
4096
1910
1171
2777
1497
4185
1996
1798
248
2779
4958
